771
1108
709
595
1342
1281
1313
938
1295
461
804
627
617
1221
657
561
104
832
728
589
590
1021
1179
136
1290
1266
344
1351
905
700
1323
557
1252
509
559
961
852
226
1299
977
1304
1309
942
182
933
206
500
476
944
463
620
811
412
175
237
496
922
349
13
897
929
883
821
108
1207
169
876
1051
965
122
682
766
575
806
283
669
872
1002
637
908
258
893
217
292
242
566
999
1047
21
181
171
1122
867
762
1025
100
784
167
1160
1030
1356
1237
1022
521
1337
824
485
884
693
1078
389
1200
448
706
807
107
118
535
705
121
985
868
183
1046
1114
1185
9
27
268
1217
383
387
538
202
690
812
520
257
119
371
70
350
1
53
748
696
788
892
653
1009
530
235
447
404
654
606
191
888
101
1103
701
232
917
896
409
1189
453
83
26
976
1089
697
38
455
733
1013
506
392
1260
492
67
1170
1287
953
599
35
66
110
661
1029
401
598
1331
1137
543
704
415
783
937
225
563
231
541
155
198
717
860
1317
437
551
112
504
746
345
1184
703
796
20
1071
993
628
141
303
263
1282
326
405
299
88
1302
594
720
830
1332
1315
836
342
1005
205
374
1038
160
367
482
674
572
172
997
196
111
844
459
1275
234
14
197
203
744
501
219
28
1175
443
671
1042
763
441
994
724
1010
125
190
419
338
1018
1154
290
645
69
797
819
58
643
925
434
814
195
1128
189
747
849
989
1008
278
1232
596
1360
890
894
46
22
94
507
168
950
204
176
537
861
1079
1329
680
921
475
970
7
687
1033
840
442
414
633
532
78
1347
406
605
193
1037
581
429
686
941
949
1346
874
260
1305
914
238
885
1104
1261
1161
427
347
1325
979
12
1314
513
791
39
48
1111
230
859
451
49
515
144
951
216
889
739
77
413
959
986
969
102
173
62
841
59
695
877
1361
64
1222
540
626
647
241
1277
215
529
665
912
609
508
1123
526
1195
1110
11
199
547
287
1043
96
1130
553
24
1026
998
973
328
398
931
1338
1310
289
865
378
89
421
503
137
712
462
856
565
384
445
341
36
1286
495
454
1219
16
318
382
648
684
789
40
946
337
114
17
817
1016
1072
343
105
399
655
1343
835
90
1140
1238
983
386
449
980
103
129
667
47
75
109
477
676
1017
932
516
131
677
919
430
539
113
357
714
1288
769
756
1090
394
1190
1306
153
1318
200
1004
781
1011
1019
1249
641
452
106
1344
1115
80
636
947
1105
1254
638
309
1031
1143
646
1227
1268
554
73
208
672
1020
1094
1023
120
858
279
319
162
116
423
1247
486
725
863
1357
481
178
524
901
1267
380
52
729
623
869
498
592
1324
900
846
284
424
1003
494
692
652
313
236
470
377
1052
1209
240
1006
518
1028
390
650
86
611
621
939
752
583
1027
1233
1035
718
851
926
436
207
1048
1116
222
300
147
981
820
148
688
56
95
525
740
958
833
731
1014
491
875
1040
1131
813
416
139
1248
92
911
435
528
558
117
802
1007
388
450
560
767
187
210
721
334
792
228
264
331
74
180
474
873
1109
6
34
963
19
134
809
1117
60
395
838
743
698
785
816
201
82
764
375
438
433
223
1145
1255
1284
209
795
145
417
376
1024
1333
142
974
1362
916
33
593
659
63
622
1291
2
213
738
79
1155
150
1053
55
881
934
227
93
1041
143
18
43
275
221
640
966
54
670
567
304
978
81
870
478
1039
1080
31
915
393
274
945
1319
184
831
848
211
229
1156
1276
372
138
368
988
542
971
1093
1358
396
822
71
473
658
1081
373
497
662
991
732
962
775
935
3
133
1138
853
1296
735
886
332
649
1139
825
1226
322
904
855
1034
5
152
50
895
467
61
990
713
42
519
146
1144
307
1049
385
930
773
1239
808
177
1096
310
1300
312
397
790
948
801
1292
1202
522
1074
779
127
1223
98
787
826
15
576
1054
957
400
1297
673
1262
179
1162
365
306
1171
967
324
1218
355
678
909
51
192
130
165
845
842
761
777
799
898
754
1311
556
823
765
722
1106
91
128
1283
456
1334
457
923
402
464
954
984
632
837
1129
1328
1091
982
1147
194
1208
1253
297
794
918
37
72
352
987
458
1289
1146
960
955
778
25
1206
166
1298
1352
1278
1186
1359
1073
753
907
220
151
847
154
23
523
410
1015
899
329
239
301
29
1177
1339
1124
295
468
768
8
1320
726
857
315
1312
770
99
1340
1335
736
1234
115
810
679
903
1169
689
407
85
910
668
1220
1092
514
1259
123
707
1353
850
1250
866
472
880
488
843
996
827
403
546
76
84
224
749
920
164
992
57
995
502
1191
87
691
798
828
363
1192
601
1032
1201
699
1240
282
730
124
517
41
218
786
834
815
1348
354
316
782
327
975
330
664
964
45
1125
212
97
185
4
135
480
793
1203
483
924
943
381
336
140
233
940
757
715
132
552
972
882
32
864
928
1210
174
587
1316
10
214
1235
460
879
262
818
446
591
432
68
854
600
956
188
839
30
1000
829
391
936
630
675
44
1187
335
968
1269
1293
1172
741
710
745
685
273
1012
321
440
479
1326
629
466
1263
1001
1036
1157
719
1178
1095
927
906
126
1307
871
803
891
780
902
913
493
1349
1301
639
1354
1163
952
1224
1345
878
149
805
65
887
1363
1330
564
862
1044
420
